200
1 4
1 6
1 21
1 28
1 29
1 32
1 39
1 40
1 42
1 47
1 49
1 55
1 64
1 75
1 95
1 98
1 100
1 102
1 113
1 118
1 129
1 130
1 143
1 146
1 149
1 165
1 167
1 169
1 174
1 179
1 185
1 196
1 197
2 15
2 20
2 21
2 23
2 29
2 31
2 38
2 39
2 44
2 51
2 54
2 57
2 60
2 74
2 81
2 84
2 86
2 88
2 93
2 95
2 100
2 104
2 106
2 109
2 114
2 128
2 131
2 132
2 133
2 147
2 150
2 153
2 155
2 161
2 162
2 170
2 177
2 188
2 190
2 196
2 200
3 5
3 6
3 7
3 14
3 20
3 21
3 24
3 26
3 28
3 31
3 35
3 52
3 53
3 58
3 59
3 60
3 68
3 70
3 74
3 77
3 90
3 94
3 111
3 112
3 117
3 118
3 119
3 123
3 124
3 132
3 133
3 134
3 139
3 143
3 151
3 153
3 155
3 157
3 163
3 174
3 175
3 178
3 187
3 196
4 6
4 11
4 12
4 13
4 16
4 18
4 20
4 26
4 32
4 38
4 49
4 50
4 52
4 59
4 65
4 71
4 75
4 78
4 88
4 90
4 96
4 97
4 100
4 107
4 111
4 116
4 119
4 121
4 125
4 130
4 135
4 136
4 146
4 149
4 153
4 154
4 158
4 160
4 164
4 179
4 185
4 186
5 9
5 10
5 14
5 17
5 27
5 28
5 32
5 34
5 35
5 48
5 56
5 57
5 58
5 64
5 66
5 80
5 92
5 93
5 94
5 95
5 97
5 99
5 108
5 115
5 119
5 120
5 123
5 141
5 149
5 152
5 156
5 157
5 161
5 166
5 168
5 174
5 187
5 198
6 8
6 21
6 24
6 25
6 26
6 27
6 29
6 38
6 49
6 61
6 65
6 70
6 71
6 73
6 74
6 81
6 85
6 91
6 99
6 113
6 140
6 151
6 153
6 159
6 163
6 167
6 171
6 181
6 191
6 200
7 8
7 9
7 10
7 11
7 15
7 18
7 25
7 32
7 33
7 37
7 45
7 47
7 51
7 53
7 64
7 71
7 76
7 81
7 82
7 86
7 90
7 96
7 101
7 102
7 103
7 106
7 109
7 114
7 118
7 142
7 148
7 155
7 156
7 163
7 165
7 166
7 171
7 175
7 179
8 9
8 19
8 23
8 26
8 27
8 36
8 37
8 44
8 47
8 57
8 58
8 70
8 81
8 82
8 88
8 90
8 92
8 96
8 98
8 99
8 111
8 120
8 123
8 124
8 127
8 131
8 132
8 146
8 160
8 162
8 168
8 178
8 183
8 194
8 200
9 11
9 14
9 18
9 19
9 23
9 24
9 27
9 29
9 33
9 42
9 53
9 55
9 59
9 61
9 71
9 72
9 74
9 79
9 80
9 87
9 89
9 94
9 95
9 103
9 109
9 110
9 111
9 112
9 115
9 130
9 134
9 138
9 146
9 148
9 149
9 150
9 151
9 156
9 157
9 161
9 165
9 171
9 191
10 12
10 13
10 17
10 18
10 30
10 34
10 35
10 36
10 38
10 40
10 44
10 47
10 51
10 53
10 54
10 60
10 61
10 63
10 75
10 78
10 79
10 80
10 81
10 85
10 100
10 105
10 107
10 126
10 127
10 128
10 136
10 137
10 140
10 162
10 163
10 181
10 183
10 184
10 186
11 12
11 13
11 18
11 19
11 23
11 26
11 45
11 46
11 53
11 59
11 61
11 63
11 77
11 80
11 81
11 83
11 95
11 104
11 105
11 109
11 131
11 134
11 136
11 143
11 145
11 150
11 155
11 159
11 162
11 167
11 168
11 170
11 174
11 177
11 186
11 187
11 194
11 199
12 18
12 21
12 24
12 27
12 29
12 30
12 44
12 52
12 55
12 61
12 66
12 70
12 72
12 78
12 85
12 86
12 93
12 100
12 105
12 121
12 122
12 126
12 135
12 136
12 137
12 142
12 161
12 165
12 168
12 172
12 173
12 178
12 183
12 192
12 195
12 197
12 199
13 15
13 17
13 25
13 27
13 29
13 31
13 36
13 37
13 45
13 49
13 54
13 61
13 78
13 86
13 89
13 90
13 92
13 93
13 102
13 112
13 114
13 122
13 137
13 139
13 142
13 151
13 152
13 155
13 160
13 164
13 167
13 177
13 178
13 180
13 188
14 17
14 18
14 21
14 32
14 41
14 43
14 50
14 53
14 68
14 69
14 72
14 73
14 78
14 91
14 97
14 99
14 101
14 104
14 105
14 107
14 109
14 110
14 118
14 122
14 124
14 127
14 129
14 141
14 143
14 144
14 146
14 153
14 160
14 172
14 178
14 180
14 187
14 193
14 194
15 16
15 20
15 32
15 39
15 49
15 59
15 65
15 68
15 71
15 76
15 88
15 89
15 90
15 91
15 94
15 97
15 105
15 111
15 116
15 121
15 122
15 129
15 130
15 131
15 132
15 134
15 137
15 139
15 140
15 147
15 148
15 154
15 163
15 165
15 168
15 170
15 172
15 177
15 178
15 180
15 190
15 196
16 17
16 21
16 23
16 27
16 32
16 33
16 36
16 43
16 50
16 58
16 71
16 76
16 79
16 88
16 90
16 113
16 127
16 135
16 141
16 151
16 158
16 172
16 175
16 178
16 179
16 180
16 187
16 197
17 22
17 27
17 29
17 33
17 37
17 50
17 57
17 60
17 68
17 69
17 71
17 73
17 74
17 77
17 78
17 79
17 83
17 99
17 109
17 115
17 118
17 123
17 135
17 137
17 138
17 140
17 147
17 155
17 156
17 166
17 167
17 168
17 178
17 182
17 184
17 189
17 193
17 197
18 29
18 30
18 32
18 37
18 47
18 53
18 55
18 57
18 58
18 62
18 69
18 73
18 77
18 82
18 89
18 91
18 96
18 97
18 100
18 101
18 106
18 109
18 113
18 116
18 146
18 158
18 161
18 162
18 185
18 187
18 188
18 191
18 193
19 23
19 34
19 36
19 39
19 40
19 43
19 45
19 62
19 72
19 73
19 79
19 80
19 85
19 91
19 97
19 102
19 105
19 106
19 108
19 111
19 113
19 114
19 121
19 122
19 126
19 129
19 139
19 141
19 147
19 149
19 150
19 155
19 165
19 168
19 170
19 173
19 178
19 187
19 192
19 194
19 195
20 24
20 30
20 31
20 36
20 37
20 41
20 49
20 52
20 61
20 62
20 65
20 66
20 70
20 76
20 78
20 79
20 81
20 86
20 89
20 90
20 101
20 110
20 113
20 116
20 117
20 120
20 121
20 127
20 129
20 132
20 137
20 147
20 155
20 168
20 169
20 171
20 172
20 183
20 185
20 193
20 195
20 196
20 197
21 34
21 35
21 42
21 44
21 61
21 63
21 67
21 73
21 74
21 77
21 78
21 82
21 102
21 112
21 118
21 121
21 127
21 129
21 133
21 136
21 152
21 153
21 163
21 166
21 167
21 172
21 178
21 191
21 197
21 199
22 30
22 39
22 43
22 50
22 54
22 57
22 59
22 69
22 72
22 75
22 77
22 78
22 82
22 84
22 92
22 95
22 98
22 102
22 104
22 105
22 106
22 107
22 110
22 113
22 119
22 121
22 145
22 152
22 153
22 155
22 157
22 171
22 173
22 174
22 177
22 179
22 186
22 187
22 197
23 35
23 40
23 43
23 48
23 50
23 51
23 65
23 70
23 75
23 80
23 82
23 83
23 87
23 88
23 89
23 93
23 94
23 95
23 98
23 105
23 108
23 110
23 120
23 125
23 140
23 147
23 156
23 162
23 168
23 174
23 177
23 179
23 183
23 186
23 187
23 192
23 197
24 27
24 30
24 36
24 40
24 54
24 55
24 58
24 74
24 77
24 79
24 81
24 97
24 99
24 103
24 105
24 107
24 108
24 113
24 118
24 122
24 123
24 125
24 130
24 133
24 149
24 150
24 152
24 154
24 156
24 158
24 160
24 161
24 169
24 186
24 194
24 196
24 198
24 199
25 33
25 35
25 41
25 43
25 50
25 53
25 55
25 57
25 63
25 67
25 77
25 79
25 83
25 85
25 89
25 91
25 94
25 100
25 110
25 113
25 124
25 127
25 132
25 137
25 142
25 146
25 147
25 150
25 165
25 170
25 171
25 182
25 187
25 197
26 27
26 28
26 32
26 33
26 41
26 42
26 48
26 49
26 59
26 68
26 76
26 77
26 85
26 86
26 94
26 104
26 108
26 112
26 135
26 137
26 142
26 146
26 149
26 152
26 157
26 165
26 176
26 178
26 189
26 197
26 198
27 30
27 34
27 37
27 44
27 56
27 57
27 60
27 67
27 73
27 75
27 78
27 86
27 93
27 102
27 105
27 108
27 118
27 127
27 129
27 136
27 141
27 143
27 144
27 149
27 161
27 167
27 170
27 173
27 177
27 184
27 186
27 191
27 192
28 29
28 30
28 36
28 37
28 41
28 52
28 59
28 60
28 61
28 63
28 66
28 71
28 85
28 88
28 89
28 103
28 108
28 116
28 118
28 120
28 126
28 127
28 146
28 149
28 153
28 157
28 161
28 170
28 178
28 182
28 187
28 189
28 191
28 193
28 195
28 198
29 31
29 32
29 36
29 37
29 38
29 39
29 40
29 51
29 55
29 57
29 60
29 62
29 64
29 72
29 73
29 76
29 79
29 83
29 90
29 98
29 103
29 106
29 111
29 115
29 124
29 127
29 132
29 139
29 143
29 146
29 147
29 155
29 156
29 172
29 185
29 188
29 196
29 197
30 40
30 45
30 61
30 64
30 78
30 83
30 85
30 87
30 89
30 100
30 101
30 103
30 104
30 108
30 111
30 115
30 117
30 118
30 120
30 124
30 125
30 128
30 129
30 133
30 140
30 142
30 146
30 149
30 154
30 163
30 168
30 169
30 172
30 173
30 178
30 182
30 185
30 186
30 188
30 192
30 194
30 196
31 44
31 47
31 54
31 57
31 60
31 62
31 66
31 70
31 73
31 77
31 78
31 83
31 95
31 97
31 104
31 108
31 109
31 111
31 113
31 115
31 134
31 141
31 149
31 157
31 167
31 170
31 172
31 175
31 181
31 182
31 187
31 195
32 34
32 45
32 56
32 70
32 74
32 75
32 76
32 84
32 92
32 95
32 106
32 122
32 132
32 133
32 135
32 142
32 152
32 166
32 173
32 174
32 183
32 185
32 188
32 191
32 193
32 194
32 196
32 197
32 200
33 34
33 38
33 41
33 44
33 48
33 50
33 62
33 66
33 67
33 68
33 71
33 74
33 75
33 79
33 80
33 98
33 103
33 107
33 109
33 111
33 116
33 118
33 121
33 137
33 143
33 147
33 149
33 154
33 155
33 157
33 165
33 169
33 171
33 173
33 184
33 187
33 197
33 200
34 37
34 39
34 48
34 50
34 65
34 73
34 75
34 82
34 97
34 99
34 102
34 104
34 123
34 128
34 130
34 133
34 144
34 145
34 149
34 150
34 158
34 163
34 164
34 167
34 169
34 170
34 173
34 178
34 179
34 180
34 186
34 193
34 197
34 199
35 42
35 46
35 49
35 50
35 55
35 56
35 58
35 65
35 69
35 81
35 82
35 87
35 96
35 98
35 102
35 103
35 105
35 111
35 112
35 115
35 118
35 120
35 123
35 125
35 129
35 131
35 141
35 144
35 145
35 146
35 149
35 154
35 155
35 157
35 161
35 162
35 167
35 175
35 180
35 183
35 184
35 185
35 187
35 195
35 199
36 39
36 42
36 44
36 47
36 48
36 66
36 68
36 70
36 71
36 72
36 75
36 77
36 78
36 84
36 86
36 93
36 98
36 99
36 102
36 103
36 104
36 107
36 110
36 115
36 123
36 129
36 130
36 132
36 134
36 143
36 144
36 146
36 149
36 155
36 163
36 168
36 170
36 181
36 183
36 186
36 189
36 192
36 193
36 195
36 198
37 38
37 40
37 42
37 44
37 65
37 76
37 77
37 89
37 100
37 107
37 110
37 112
37 114
37 115
37 124
37 131
37 134
37 138
37 153
37 155
37 156
37 157
37 160
37 171
37 173
37 177
37 180
37 182
37 194
38 43
38 45
38 55
38 78
38 80
38 89
38 90
38 95
38 98
38 104
38 108
38 109
38 113
38 118
38 122
38 126
38 128
38 130
38 135
38 147
38 154
38 155
38 160
38 162
38 165
38 174
38 176
38 177
38 180
38 192
38 195
38 196
39 47
39 53
39 66
39 69
39 75
39 79
39 96
39 98
39 100
39 105
39 108
39 117
39 118
39 121
39 129
39 131
39 133
39 138
39 143
39 144
39 154
39 155
39 165
39 170
39 174
39 175
39 180
39 181
39 184
39 185
39 190
39 195
39 200
40 43
40 47
40 59
40 64
40 65
40 68
40 69
40 72
40 74
40 80
40 81
40 82
40 89
40 90
40 98
40 100
40 103
40 104
40 112
40 124
40 125
40 126
40 131
40 132
40 135
40 136
40 144
40 145
40 147
40 151
40 158
40 161
40 179
40 185
40 186
40 190
40 192
40 197
41 46
41 47
41 48
41 50
41 60
41 67
41 72
41 74
41 76
41 79
41 87
41 91
41 96
41 97
41 99
41 109
41 118
41 128
41 132
41 147
41 157
41 158
41 161
41 168
41 173
41 179
41 181
41 186
41 193
42 47
42 48
42 60
42 62
42 63
42 87
42 88
42 90
42 91
42 94
42 98
42 106
42 111
42 114
42 117
42 118
42 123
42 124
42 127
42 128
42 140
42 141
42 148
42 150
42 151
42 156
42 159
42 160
42 164
42 165
42 173
42 178
42 180
42 185
42 186
42 187
42 196
42 200
43 44
43 45
43 56
43 58
43 64
43 74
43 78
43 90
43 92
43 93
43 99
43 104
43 111
43 114
43 116
43 117
43 121
43 129
43 131
43 132
43 134
43 150
43 152
43 158
43 168
43 179
43 184
43 189
43 196
43 197
43 199
43 200
44 50
44 51
44 54
44 58
44 61
44 74
44 87
44 90
44 96
44 99
44 101
44 102
44 106
44 108
44 110
44 118
44 124
44 128
44 131
44 132
44 133
44 140
44 145
44 146
44 151
44 165
44 167
44 169
44 172
44 174
44 178
44 180
44 181
44 184
44 186
45 47
45 54
45 56
45 63
45 66
45 69
45 70
45 74
45 76
45 83
45 85
45 87
45 89
45 90
45 93
45 103
45 110
45 118
45 122
45 123
45 126
45 127
45 131
45 132
45 134
45 136
45 137
45 143
45 145
45 146
45 158
45 165
45 169
45 170
45 174
45 176
45 178
45 182
45 187
45 188
45 193
45 194
46 51
46 53
46 54
46 55
46 57
46 58
46 59
46 60
46 61
46 73
46 75
46 91
46 93
46 99
46 101
46 119
46 128
46 130
46 132
46 134
46 135
46 138
46 141
46 145
46 146
46 147
46 151
46 154
46 156
46 159
46 160
46 166
46 172
46 173
46 174
46 183
46 187
46 194
47 48
47 49
47 50
47 51
47 52
47 53
47 64
47 76
47 82
47 84
47 87
47 89
47 94
47 98
47 101
47 102
47 109
47 110
47 111
47 116
47 117
47 119
47 123
47 124
47 128
47 131
47 133
47 153
47 154
47 155
47 163
47 165
47 166
47 168
47 173
47 177
47 185
47 190
47 191
47 193
47 194
47 198
48 55
48 77
48 91
48 93
48 95
48 96
48 99
48 104
48 106
48 110
48 112
48 122
48 124
48 128
48 130
48 131
48 133
48 137
48 139
48 145
48 147
48 148
48 150
48 157
48 160
48 166
48 167
48 179
48 181
48 184
48 191
49 50
49 57
49 58
49 59
49 73
49 79
49 82
49 83
49 88
49 90
49 98
49 101
49 115
49 117
49 119
49 120
49 122
49 125
49 132
49 133
49 135
49 139
49 143
49 144
49 145
49 146
49 147
49 152
49 159
49 162
49 171
49 176
49 177
49 183
49 191
50 56
50 59
50 65
50 66
50 72
50 77
50 84
50 92
50 97
50 98
50 99
50 105
50 112
50 131
50 139
50 142
50 148
50 157
50 159
50 161
50 163
50 166
50 168
50 171
50 173
50 176
50 186
50 187
50 192
50 198
51 53
51 57
51 58
51 60
51 62
51 70
51 76
51 80
51 83
51 85
51 86
51 87
51 92
51 94
51 95
51 96
51 101
51 105
51 110
51 111
51 115
51 117
51 118
51 124
51 126
51 129
51 133
51 134
51 135
51 143
51 145
51 146
51 147
51 150
51 151
51 152
51 154
51 159
51 161
51 162
51 167
51 168
51 176
51 177
51 178
51 184
51 193
52 53
52 63
52 69
52 75
52 82
52 84
52 92
52 93
52 97
52 99
52 101
52 112
52 114
52 122
52 125
52 130
52 136
52 139
52 140
52 144
52 147
52 154
52 155
52 159
52 160
52 163
52 166
52 169
52 170
52 174
52 176
52 190
52 192
52 194
53 58
53 63
53 64
53 67
53 69
53 88
53 90
53 101
53 106
53 110
53 111
53 114
53 116
53 119
53 134
53 153
53 158
53 175
53 181
53 183
53 185
53 186
53 187
53 189
53 196
53 198
54 65
54 73
54 90
54 103
54 104
54 109
54 113
54 115
54 119
54 125
54 130
54 141
54 152
54 157
54 161
54 163
54 164
54 170
54 171
54 172
54 180
54 185
54 193
54 196
54 197
55 59
55 62
55 63
55 64
55 71
55 74
55 77
55 78
55 79
55 83
55 86
55 87
55 93
55 94
55 95
55 97
55 99
55 102
55 103
55 105
55 107
55 108
55 121
55 123
55 129
55 132
55 135
55 137
55 145
55 150
55 154
55 155
55 164
55 173
55 174
55 185
55 189
55 193
55 195
55 200
56 61
56 64
56 70
56 81
56 83
56 84
56 85
56 88
56 90
56 91
56 99
56 102
56 111
56 117
56 121
56 123
56 133
56 136
56 137
56 140
56 143
56 146
56 161
56 162
56 163
56 166
56 175
56 179
56 181
56 184
56 186
56 198
56 199
57 64
57 65
57 70
57 73
57 75
57 79
57 84
57 85
57 91
57 93
57 94
57 96
57 100
57 109
57 110
57 116
57 118
57 119
57 121
57 123
57 124
57 129
57 134
57 137
57 141
57 152
57 155
57 166
57 168
57 174
57 180
57 189
57 190
57 191
57 196
58 70
58 75
58 77
58 80
58 82
58 84
58 91
58 92
58 95
58 100
58 108
58 109
58 122
58 124
58 130
58 141
58 146
58 149
58 152
58 158
58 164
58 165
58 171
58 174
58 178
58 180
58 183
58 184
58 188
58 194
58 196
58 198
59 61
59 69
59 75
59 81
59 82
59 86
59 89
59 90
59 92
59 95
59 99
59 119
59 122
59 124
59 128
59 138
59 140
59 153
59 156
59 157
59 159
59 160
59 168
59 169
59 171
59 176
59 177
59 182
59 190
59 195
59 196
60 61
60 70
60 79
60 82
60 84
60 90
60 91
60 94
60 97
60 98
60 106
60 110
60 117
60 126
60 141
60 149
60 158
60 165
60 166
60 169
60 170
60 175
60 190
60 192
60 193
60 194
60 199
61 62
61 63
61 68
61 70
61 80
61 89
61 95
61 96
61 102
61 104
61 119
61 123
61 124
61 125
61 129
61 136
61 148
61 152
61 153
61 155
61 156
61 158
61 161
61 168
61 171
61 172
61 174
61 175
61 178
61 179
61 182
61 187
61 194
61 195
61 198
62 64
62 74
62 75
62 79
62 82
62 83
62 92
62 95
62 100
62 101
62 108
62 112
62 121
62 123
62 124
62 125
62 129
62 135
62 144
62 145
62 154
62 157
62 158
62 165
62 167
62 168
62 169
62 174
62 175
62 182
62 183
62 185
62 186
62 195
62 196
62 198
63 68
63 79
63 83
63 85
63 86
63 91
63 92
63 93
63 95
63 96
63 103
63 106
63 109
63 114
63 118
63 119
63 120
63 131
63 138
63 141
63 143
63 146
63 150
63 153
63 157
63 161
63 163
63 166
63 168
63 177
63 178
63 179
63 183
63 186
63 188
63 192
63 195
64 67
64 68
64 70
64 72
64 80
64 83
64 85
64 86
64 99
64 101
64 106
64 111
64 113
64 124
64 127
64 130
64 136
64 138
64 143
64 148
64 150
64 151
64 154
64 164
64 167
64 169
64 177
64 187
64 192
64 195
64 196
65 70
65 73
65 75
65 76
65 78
65 80
65 81
65 84
65 85
65 97
65 100
65 107
65 110
65 116
65 121
65 131
65 135
65 136
65 139
65 143
65 146
65 148
65 151
65 155
65 156
65 162
65 170
65 173
65 174
65 176
65 178
65 181
65 185
65 189
65 191
65 194
66 67
66 72
66 74
66 76
66 80
66 83
66 86
66 88
66 89
66 100
66 101
66 102
66 103
66 104
66 105
66 106
66 107
66 113
66 117
66 118
66 126
66 127
66 129
66 132
66 133
66 138
66 140
66 142
66 151
66 152
66 157
66 160
66 169
66 174
66 175
66 178
66 183
66 195
66 198
67 68
67 79
67 80
67 84
67 88
67 92
67 93
67 94
67 97
67 98
67 102
67 105
67 106
67 112
67 118
67 130
67 133
67 134
67 141
67 144
67 147
67 150
67 151
67 154
67 159
67 160
67 161
67 166
67 174
67 180
67 181
67 182
67 183
67 184
67 186
67 189
67 194
67 195
67 197
67 198
67 199
68 71
68 73
68 79
68 81
68 83
68 84
68 90
68 93
68 94
68 96
68 99
68 100
68 108
68 112
68 113
68 116
68 119
68 120
68 132
68 133
68 134
68 138
68 144
68 146
68 149
68 151
68 160
68 161
68 163
68 165
68 171
68 172
68 173
68 174
68 182
68 186
68 195
68 200
69 73
69 90
69 91
69 93
69 94
69 96
69 97
69 106
69 108
69 109
69 111
69 113
69 117
69 118
69 122
69 123
69 125
69 126
69 130
69 132
69 136
69 139
69 142
69 143
69 145
69 148
69 150
69 153
69 154
69 155
69 167
69 171
69 173
69 176
69 177
69 180
69 186
69 187
69 190
69 193
69 199
70 74
70 78
70 82
70 85
70 87
70 92
70 93
70 96
70 105
70 108
70 110
70 114
70 116
70 117
70 118
70 119
70 122
70 126
70 132
70 135
70 142
70 144
70 147
70 152
70 153
70 157
70 159
70 160
70 164
70 167
70 172
70 173
70 176
70 179
70 180
70 184
70 186
70 188
70 189
70 190
70 195
70 198
71 72
71 73
71 74
71 83
71 86
71 87
71 96
71 97
71 98
71 104
71 105
71 106
71 109
71 110
71 112
71 115
71 116
71 119
71 124
71 127
71 128
71 133
71 135
71 138
71 143
71 144
71 150
71 159
71 161
71 166
71 171
71 173
71 174
71 179
71 186
71 187
71 188
71 192
71 193
71 195
71 197
71 199
71 200
72 76
72 79
72 81
72 83
72 85
72 87
72 91
72 98
72 102
72 104
72 105
72 107
72 111
72 114
72 121
72 132
72 134
72 135
72 138
72 139
72 142
72 144
72 148
72 149
72 153
72 154
72 161
72 166
72 175
72 176
72 177
72 180
72 181
72 185
72 197
72 200
73 76
73 80
73 82
73 84
73 86
73 88
73 90
73 92
73 94
73 95
73 97
73 100
73 103
73 106
73 107
73 116
73 117
73 120
73 125
73 129
73 140
73 144
73 147
73 151
73 158
73 163
73 164
73 168
73 170
73 174
73 181
73 184
73 185
73 189
73 192
73 194
73 199
74 77
74 78
74 81
74 83
74 89
74 92
74 95
74 104
74 107
74 108
74 109
74 117
74 118
74 127
74 134
74 136
74 142
74 144
74 150
74 153
74 167
74 168
74 169
74 172
74 174
74 178
74 180
74 183
74 185
74 186
74 190
74 192
74 195
75 78
75 79
75 80
75 87
75 99
75 101
75 103
75 107
75 110
75 111
75 113
75 117
75 122
75 123
75 126
75 130
75 136
75 140
75 142
75 147
75 151
75 156
75 157
75 161
75 167
75 172
75 175
75 181
75 184
75 185
75 189
75 192
75 194
75 197
75 199
76 79
76 82
76 114
76 115
76 116
76 122
76 124
76 128
76 132
76 134
76 139
76 140
76 149
76 150
76 159
76 164
76 165
76 166
76 171
76 176
76 178
76 184
76 185
76 186
76 187
76 188
76 189
76 191
76 192
76 194
77 78
77 81
77 85
77 86
77 89
77 91
77 95
77 98
77 107
77 110
77 112
77 113
77 116
77 117
77 122
77 123
77 126
77 131
77 145
77 147
77 149
77 151
77 152
77 158
77 159
77 160
77 166
77 181
77 184
77 187
77 188
77 191
77 192
77 195
77 196
77 198
77 199
78 80
78 83
78 86
78 97
78 102
78 104
78 110
78 113
78 116
78 117
78 124
78 125
78 127
78 137
78 141
78 144
78 145
78 151
78 156
78 158
78 162
78 166
78 169
78 172
78 173
78 178
78 183
78 184
78 188
78 193
78 194
79 86
79 88
79 89
79 91
79 104
79 108
79 109
79 111
79 115
79 118
79 120
79 123
79 130
79 131
79 132
79 136
79 139
79 145
79 146
79 150
79 156
79 162
79 163
79 164
79 165
79 167
79 170
79 172
79 181
79 184
79 185
79 186
79 187
79 191
79 197
79 199
80 88
80 90
80 94
80 97
80 106
80 108
80 109
80 110
80 123
80 125
80 128
80 136
80 139
80 140
80 144
80 148
80 149
80 152
80 157
80 158
80 167
80 176
80 179
80 180
80 186
80 188
80 197
80 198
81 84
81 85
81 87
81 89
81 90
81 91
81 93
81 94
81 96
81 99
81 102
81 109
81 113
81 120
81 121
81 122
81 127
81 135
81 137
81 147
81 156
81 162
81 163
81 164
81 172
81 173
81 191
81 195
81 199
82 83
82 85
82 87
82 89
82 91
82 92
82 95
82 96
82 98
82 99
82 101
82 103
82 105
82 111
82 117
82 121
82 125
82 135
82 136
82 137
82 145
82 146
82 147
82 149
82 151
82 154
82 164
82 165
82 167
82 168
82 173
82 175
82 178
82 182
82 185
82 186
82 189
82 195
82 196
82 199
83 86
83 89
83 90
83 92
83 94
83 95
83 100
83 106
83 110
83 115
83 119
83 121
83 124
83 125
83 127
83 130
83 132
83 134
83 138
83 139
83 141
83 142
83 145
83 147
83 148
83 157
83 158
83 161
83 163
83 166
83 170
83 176
83 179
83 183
83 185
83 187
83 189
83 193
83 198
84 85
84 89
84 91
84 92
84 98
84 99
84 112
84 113
84 114
84 117
84 118
84 119
84 121
84 124
84 133
84 135
84 138
84 140
84 147
84 151
84 155
84 163
84 165
84 168
84 174
84 175
84 176
84 177
84 178
84 180
84 184
84 189
84 190
84 195
85 88
85 94
85 99
85 107
85 116
85 121
85 122
85 123
85 124
85 125
85 129
85 131
85 134
85 139
85 144
85 149
85 151
85 153
85 155
85 163
85 164
85 167
85 171
85 172
85 173
85 176
85 178
85 184
85 188
85 191
85 199
86 88
86 94
86 97
86 105
86 107
86 110
86 115
86 118
86 120
86 124
86 125
86 127
86 128
86 129
86 131
86 133
86 139
86 140
86 143
86 151
86 154
86 165
86 170
86 172
86 180
86 184
86 185
86 189
86 191
86 193
86 198
86 199
86 200
87 89
87 93
87 95
87 97
87 98
87 109
87 113
87 114
87 115
87 122
87 123
87 124
87 125
87 133
87 134
87 140
87 142
87 146
87 151
87 160
87 162
87 163
87 164
87 165
87 172
87 174
87 183
87 184
87 186
87 187
87 190
87 191
87 193
87 196
87 200
88 89
88 92
88 94
88 100
88 102
88 109
88 114
88 117
88 121
88 138
88 139
88 141
88 142
88 144
88 145
88 151
88 152
88 157
88 159
88 161
88 169
88 170
88 175
88 177
88 179
88 184
88 187
88 191
88 193
88 195
89 91
89 98
89 103
89 104
89 107
89 110
89 111
89 112
89 113
89 114
89 117
89 123
89 124
89 125
89 129
89 143
89 144
89 149
89 152
89 155
89 161
89 162
89 179
89 180
89 181
89 182
89 190
89 198
90 96
90 99
90 105
90 106
90 107
90 109
90 110
90 112
90 113
90 117
90 118
90 120
90 122
90 125
90 127
90 129
90 135
90 137
90 140
90 141
90 142
90 144
90 145
90 148
90 153
90 154
90 157
90 164
90 170
90 178
90 181
90 184
90 186
90 187
90 191
90 200
91 93
91 94
91 95
91 96
91 99
91 101
91 106
91 111
91 114
91 115
91 120
91 122
91 126
91 127
91 130
91 131
91 140
91 154
91 162
91 166
91 175
91 177
91 183
91 192
91 196
91 198
91 199
92 94
92 101
92 102
92 105
92 107
92 110
92 115
92 119
92 120
92 122
92 123
92 125
92 126
92 132
92 133
92 136
92 140
92 141
92 142
92 146
92 149
92 153
92 154
92 159
92 160
92 161
92 162
92 164
92 169
92 176
92 179
92 182
92 183
92 184
92 187
92 189
92 195
92 196
92 197
93 94
93 97
93 100
93 113
93 115
93 119
93 120
93 123
93 124
93 125
93 127
93 129
93 130
93 131
93 134
93 137
93 139
93 145
93 147
93 148
93 151
93 152
93 155
93 158
93 162
93 163
93 164
93 166
93 167
93 172
93 173
93 174
93 175
93 177
93 180
93 183
93 184
93 187
93 191
93 197
93 200
94 97
94 100
94 104
94 106
94 110
94 113
94 115
94 119
94 121
94 123
94 124
94 129
94 130
94 131
94 133
94 135
94 138
94 140
94 146
94 148
94 151
94 153
94 160
94 163
94 165
94 169
94 173
94 179
94 187
94 189
94 195
94 197
94 198
95 98
95 104
95 111
95 118
95 123
95 124
95 125
95 126
95 130
95 132
95 133
95 138
95 140
95 141
95 156
95 170
95 172
95 187
95 188
95 195
95 198
95 199
95 200
96 100
96 102
96 108
96 109
96 111
96 113
96 126
96 127
96 128
96 129
96 131
96 135
96 143
96 147
96 152
96 154
96 155
96 164
96 167
96 168
96 170
96 172
96 174
96 175
96 179
96 183
96 185
96 196
96 198
97 100
97 104
97 106
97 107
97 111
97 113
97 115
97 126
97 127
97 128
97 130
97 131
97 135
97 139
97 140
97 142
97 144
97 147
97 148
97 154
97 160
97 163
97 164
97 165
97 172
97 174
97 178
97 181
97 192
97 193
97 199
98 99
98 100
98 105
98 108
98 109
98 112
98 115
98 119
98 122
98 126
98 131
98 132
98 135
98 136
98 140
98 144
98 147
98 148
98 149
98 152
98 155
98 156
98 157
98 158
98 159
98 161
98 170
98 172
98 175
98 176
98 189
98 191
98 197
98 199
98 200
99 103
99 107
99 109
99 110
99 112
99 113
99 114
99 115
99 117
99 119
99 120
99 123
99 124
99 128
99 138
99 144
99 150
99 152
99 153
99 155
99 156
99 163
99 165
99 166
99 167
99 169
99 170
99 171
99 173
99 177
99 178
99 179
99 186
99 193
99 194
99 200
100 108
100 110
100 112
100 117
100 118
100 125
100 132
100 140
100 141
100 145
100 147
100 148
100 152
100 154
100 155
100 158
100 162
100 163
100 166
100 173
100 174
100 175
100 179
100 181
100 182
100 186
100 188
100 193
100 198
101 110
101 118
101 121
101 122
101 125
101 127
101 128
101 130
101 132
101 142
101 144
101 146
101 150
101 152
101 156
101 158
101 160
101 170
101 171
101 173
101 175
101 178
101 179
101 182
101 184
101 185
101 186
101 190
101 197
102 103
102 105
102 106
102 107
102 108
102 111
102 112
102 115
102 120
102 122
102 127
102 128
102 129
102 130
102 131
102 139
102 141
102 144
102 148
102 152
102 153
102 154
102 156
102 161
102 162
102 163
102 164
102 166
102 167
102 172
102 177
102 180
102 185
102 188
103 106
103 107
103 110
103 115
103 116
103 118
103 119
103 120
103 125
103 128
103 130
103 132
103 140
103 146
103 148
103 149
103 151
103 155
103 157
103 159
103 161
103 163
103 168
103 170
103 172
103 177
103 178
103 180
103 181
103 183
103 185
103 195
103 198
103 199
103 200
104 105
104 110
104 111
104 112
104 113
104 115
104 118
104 121
104 122
104 124
104 128
104 131
104 133
104 137
104 138
104 141
104 142
104 145
104 146
104 147
104 148
104 152
104 158
104 159
104 162
104 163
104 165
104 166
104 173
104 176
104 177
104 178
104 180
104 188
104 195
104 196
104 197
105 106
105 110
105 114
105 115
105 117
105 118
105 121
105 122
105 123
105 125
105 128
105 130
105 136
105 140
105 143
105 144
105 147
105 152
105 154
105 155
105 156
105 157
105 159
105 161
105 163
105 170
105 176
105 180
105 182
105 183
105 185
105 186
105 187
105 190
105 197
105 199
105 200
106 108
106 110
106 114
106 115
106 120
106 126
106 131
106 133
106 135
106 138
106 142
106 143
106 145
106 147
106 149
106 152
106 154
106 156
106 162
106 164
106 165
106 170
106 172
106 175
106 179
106 189
106 190
106 193
106 194
106 195
106 199
107 110
107 112
107 114
107 116
107 121
107 126
107 131
107 133
107 134
107 135
107 136
107 137
107 140
107 142
107 144
107 145
107 147
107 149
107 150
107 152
107 153
107 156
107 157
107 161
107 164
107 165
107 171
107 174
107 176
107 178
107 185
107 186
107 188
107 191
107 193
107 194
107 197
107 199
108 112
108 115
108 116
108 119
108 122
108 127
108 128
108 130
108 132
108 139
108 142
108 145
108 151
108 152
108 157
108 159
108 160
108 161
108 163
108 165
108 175
108 176
108 177
108 181
108 182
108 184
108 186
108 187
108 200
109 113
109 126
109 127
109 129
109 130
109 132
109 137
109 138
109 142
109 143
109 147
109 150
109 151
109 154
109 159
109 162
109 164
109 165
109 170
109 172
109 174
109 176
109 178
109 179
109 183
109 185
109 186
109 187
109 189
109 190
109 194
109 199
109 200
110 113
110 116
110 117
110 118
110 119
110 122
110 126
110 127
110 129
110 130
110 131
110 132
110 140
110 143
110 144
110 145
110 146
110 148
110 150
110 153
110 156
110 157
110 165
110 166
110 168
110 171
110 172
110 174
110 178
110 181
110 187
110 196
110 199
111 113
111 114
111 118
111 119
111 120
111 121
111 137
111 138
111 145
111 148
111 152
111 155
111 156
111 159
111 160
111 161
111 165
111 166
111 167
111 169
111 171
111 172
111 173
111 175
111 177
111 179
111 180
111 181
111 182
111 186
111 189
111 196
111 200
112 118
112 119
112 122
112 124
112 125
112 126
112 130
112 131
112 132
112 133
112 138
112 139
112 140
112 144
112 153
112 155
112 158
112 159
112 161
112 163
112 167
112 168
112 169
112 171
112 172
112 174
112 175
112 178
112 181
112 187
112 190
112 194
112 196
112 200
113 115
113 118
113 119
113 124
113 134
113 135
113 141
113 142
113 146
113 150
113 151
113 154
113 155
113 156
113 159
113 162
113 164
113 171
113 172
113 175
113 177
113 179
113 181
113 185
113 189
113 190
113 193
113 196
113 197
113 200
114 115
114 116
114 122
114 123
114 126
114 136
114 143
114 147
114 149
114 151
114 154
114 159
114 166
114 167
114 168
114 172
114 182
114 183
114 187
114 190
114 199
114 200
115 116
115 118
115 120
115 130
115 133
115 134
115 136
115 137
115 138
115 140
115 141
115 142
115 143
115 149
115 150
115 151
115 153
115 156
115 161
115 164
115 168
115 170
115 172
115 179
115 181
115 184
115 186
115 190
115 191
115 193
115 195
115 198
116 117
116 118
116 119
116 120
116 127
116 131
116 132
116 142
116 148
116 149
116 153
116 154
116 155
116 156
116 157
116 158
116 159
116 160
116 161
116 163
116 167
116 171
116 172
116 173
116 177
116 181
116 183
116 184
116 185
116 186
116 188
116 189
116 190
116 194
116 195
116 200
117 120
117 121
117 126
117 128
117 131
117 136
117 137
117 141
117 145
117 146
117 147
117 148
117 149
117 153
117 155
117 161
117 162
117 163
117 167
117 168
117 170
117 173
117 174
117 175
117 179
117 181
117 187
117 190
117 194
117 197
117 198
118 124
118 125
118 128
118 132
118 133
118 136
118 139
118 140
118 150
118 151
118 152
118 156
118 163
118 167
118 168
118 170
118 174
118 182
118 189
118 194
118 195
118 200
119 120
119 122
119 123
119 126
119 129
119 130
119 132
119 135
119 136
119 139
119 140
119 141
119 143
119 144
119 146
119 149
119 151
119 153
119 155
119 156
119 158
119 162
119 168
119 169
119 171
119 173
119 175
119 177
119 180
119 185
119 187
119 190
119 191
119 193
119 196
119 197
119 199
120 126
120 130
120 132
120 134
120 141
120 146
120 148
120 149
120 150
120 153
120 157
120 158
120 161
120 162
120 166
120 167
120 168
120 169
120 170
120 171
120 172
120 173
120 174
120 178
120 184
120 186
120 188
120 190
120 192
120 195
120 198
121 122
121 125
121 126
121 129
121 132
121 133
121 135
121 136
121 138
121 141
121 142
121 143
121 146
121 152
121 153
121 154
121 155
121 156
121 157
121 159
121 168
121 170
121 173
121 175
121 176
121 178
121 180
121 182
121 185
121 186
121 187
121 190
121 193
121 195
121 197
121 198
122 128
122 130
122 134
122 137
122 140
122 141
122 143
122 144
122 145
122 148
122 151
122 153
122 156
122 157
122 158
122 159
122 162
122 163
122 166
122 172
122 175
122 176
122 179
122 181
122 183
122 184
122 187
122 191
122 192
122 196
122 198
123 126
123 127
123 129
123 130
123 131
123 132
123 134
123 135
123 139
123 144
123 145
123 146
123 151
123 153
123 154
123 155
123 156
123 160
123 161
123 163
123 164
123 169
123 171
123 172
123 179
123 181
123 182
123 183
123 185
123 186
123 188
123 189
123 191
123 192
123 193
123 195
123 196
123 197
123 198
123 199
123 200
124 125
124 126
124 131
124 134
124 135
124 136
124 137
124 140
124 141
124 142
124 145
124 147
124 148
124 149
124 151
124 153
124 154
124 159
124 162
124 164
124 166
124 170
124 183
124 184
124 188
124 190
124 192
124 199
124 200
125 128
125 129
125 131
125 137
125 139
125 140
125 146
125 147
125 148
125 154
125 156
125 158
125 159
125 163
125 166
125 167
125 168
125 171
125 178
125 179
125 182
125 186
125 188
125 189
125 191
125 193
125 194
125 197
125 198
126 130
126 133
126 135
126 136
126 137
126 138
126 140
126 141
126 142
126 143
126 145
126 146
126 148
126 149
126 150
126 152
126 155
126 156
126 159
126 162
126 163
126 167
126 168
126 169
126 171
126 173
126 174
126 175
126 179
126 180
126 182
126 186
126 190
126 191
126 193
126 197
126 198
126 200
127 128
127 134
127 135
127 136
127 138
127 139
127 141
127 144
127 146
127 147
127 148
127 149
127 152
127 153
127 161
127 163
127 166
127 169
127 170
127 171
127 172
127 175
127 177
127 178
127 182
127 187
127 188
127 192
127 193
127 198
127 199
128 129
128 131
128 133
128 134
128 135
128 137
128 138
128 139
128 140
128 141
128 145
128 147
128 148
128 149
128 150
128 152
128 154
128 157
128 160
128 161
128 164
128 166
128 167
128 174
128 176
128 177
128 178
128 183
128 184
128 186
128 188
128 192
128 193
128 196
129 130
129 136
129 137
129 140
129 142
129 144
129 146
129 149
129 152
129 157
129 161
129 162
129 163
129 164
129 170
129 173
129 175
129 176
129 181
129 184
129 186
129 189
129 190
129 191
129 195
129 197
129 199
129 200
130 132
130 135
130 137
130 142
130 143
130 146
130 147
130 148
130 150
130 153
130 154
130 157
130 161
130 162
130 163
130 170
130 171
130 175
130 177
130 178
130 179
130 180
130 182
130 184
130 185
130 186
130 189
130 190
130 194
130 197
130 198
131 132
131 134
131 136
131 137
131 138
131 140
131 141
131 143
131 146
131 147
131 149
131 154
131 157
131 158
131 159
131 160
131 163
131 165
131 166
131 167
131 168
131 171
131 172
131 174
131 176
131 177
131 179
131 180
131 182
131 184
131 187
131 189
131 193
131 194
131 195
131 196
131 197
132 136
132 137
132 141
132 142
132 145
132 153
132 154
132 158
132 159
132 160
132 162
132 163
132 164
132 179
132 183
132 184
132 185
132 187
132 189
132 190
132 193
132 194
132 200
133 135
133 136
133 137
133 142
133 143
133 144
133 146
133 147
133 148
133 149
133 150
133 154
133 158
133 161
133 164
133 165
133 166
133 169
133 171
133 174
133 176
133 178
133 182
133 185
133 189
133 190
133 192
133 198
133 199
134 137
134 138
134 139
134 140
134 144
134 147
134 149
134 152
134 155
134 156
134 157
134 158
134 161
134 165
134 166
134 170
134 172
134 173
134 175
134 178
134 179
134 180
134 185
134 187
134 189
134 195
134 196
134 197
134 200
135 137
135 139
135 141
135 144
135 145
135 148
135 149
135 150
135 151
135 152
135 157
135 159
135 161
135 163
135 167
135 168
135 169
135 170
135 172
135 174
135 175
135 176
135 177
135 178
135 179
135 180
135 181
135 183
135 187
135 193
135 196
135 199
136 138
136 139
136 144
136 147
136 148
136 149
136 150
136 152
136 153
136 154
136 156
136 157
136 158
136 159
136 160
136 161
136 165
136 167
136 168
136 169
136 170
136 172
136 177
136 178
136 179
136 180
136 181
136 182
136 187
136 188
136 191
136 192
136 193
136 194
136 197
136 199
136 200
137 141
137 142
137 145
137 146
137 154
137 155
137 156
137 157
137 158
137 161
137 164
137 165
137 167
137 172
137 177
137 178
137 179
137 181
137 183
137 188
137 189
137 190
137 196
137 198
138 143
138 144
138 147
138 150
138 153
138 154
138 156
138 159
138 161
138 164
138 165
138 166
138 167
138 168
138 169
138 171
138 178
138 179
138 182
138 183
138 185
138 189
138 193
138 199
138 200
139 140
139 141
139 142
139 147
139 150
139 152
139 156
139 158
139 159
139 165
139 167
139 168
139 170
139 171
139 172
139 173
139 174
139 176
139 178
139 180
139 181
139 190
139 191
139 193
139 194
139 195
139 198
139 199
139 200
140 142
140 143
140 144
140 148
140 151
140 152
140 153
140 154
140 158
140 160
140 161
140 162
140 164
140 165
140 166
140 168
140 169
140 170
140 173
140 176
140 177
140 178
140 179
140 183
140 185
140 193
140 195
140 197
140 199
140 200
141 142
141 143
141 147
141 148
141 151
141 157
141 160
141 163
141 165
141 166
141 167
141 169
141 171
141 173
141 174
141 176
141 179
141 180
141 181
141 183
141 185
141 188
141 190
141 193
141 195
141 200
142 144
142 145
142 148
142 149
142 150
142 152
142 154
142 156
142 157
142 158
142 159
142 160
142 161
142 162
142 166
142 170
142 173
142 174
142 176
142 178
142 180
142 183
142 184
142 185
142 187
142 188
142 189
142 194
142 195
142 196
142 197
143 145
143 146
143 147
143 148
143 149
143 151
143 153
143 154
143 156
143 159
143 162
143 163
143 164
143 166
143 167
143 173
143 175
143 178
143 182
143 185
143 186
143 187
143 192
143 193
143 195
143 196
143 198
143 200
144 145
144 146
144 147
144 149
144 151
144 152
144 153
144 155
144 157
144 159
144 164
144 165
144 170
144 171
144 175
144 181
144 182
144 188
144 191
144 194
144 196
145 146
145 147
145 151
145 156
145 157
145 158
145 160
145 162
145 163
145 164
145 166
145 167
145 168
145 169
145 170
145 171
145 172
145 176
145 180
145 181
145 184
145 185
145 188
145 189
145 190
145 193
145 195
145 199
145 200
146 147
146 148
146 149
146 151
146 155
146 157
146 158
146 159
146 161
146 162
146 163
146 164
146 165
146 166
146 167
146 169
146 170
146 171
146 172
146 174
146 175
146 177
146 178
146 180
146 181
146 184
146 186
146 187
146 188
146 189
146 192
146 193
146 195
146 196
146 197
146 200
147 148
147 151
147 153
147 154
147 155
147 156
147 157
147 160
147 162
147 163
147 164
147 165
147 167
147 171
147 172
147 173
147 174
147 176
147 177
147 178
147 179
147 182
147 185
147 187
147 190
147 192
147 196
147 197
147 198
147 199
147 200
148 149
148 150
148 152
148 153
148 154
148 158
148 159
148 160
148 162
148 163
148 166
148 168
148 169
148 171
148 172
148 173
148 174
148 177
148 180
148 183
148 184
148 185
148 187
148 190
148 191
148 192
148 194
148 195
148 196
148 197
148 199
149 150
149 151
149 152
149 154
149 156
149 158
149 159
149 160
149 161
149 163
149 164
149 165
149 167
149 168
149 170
149 172
149 176
149 179
149 183
149 185
149 186
149 188
149 190
149 191
149 192
149 194
149 195
149 200
150 151
150 154
150 157
150 158
150 159
150 162
150 163
150 164
150 169
150 170
150 172
150 173
150 175
150 176
150 179
150 182
150 184
150 191
150 193
150 196
150 197
150 198
150 199
150 200
151 153
151 154
151 155
151 156
151 157
151 160
151 163
151 166
151 167
151 168
151 172
151 175
151 176
151 179
151 182
151 185
151 186
151 187
151 188
151 190
151 193
151 196
151 198
151 199
151 200
152 153
152 156
152 157
152 158
152 159
152 162
152 163
152 166
152 168
152 169
152 170
152 172
152 176
152 177
152 178
152 181
152 187
152 189
152 190
152 191
152 192
152 193
152 195
152 196
152 197
152 198
152 199
153 154
153 155
153 156
153 157
153 158
153 159
153 160
153 162
153 163
153 165
153 168
153 173
153 174
153 178
153 179
153 180
153 181
153 182
153 183
153 185
153 187
153 189
153 191
153 192
153 193
153 194
153 197
153 198
153 200
154 156
154 157
154 158
154 159
154 161
154 162
154 164
154 165
154 167
154 172
154 173
154 174
154 175
154 176
154 177
154 178
154 179
154 180
154 181
154 182
154 184
154 185
154 187
154 192
154 194
154 195
154 198
154 199
154 200
155 156
155 157
155 159
155 160
155 161
155 162
155 163
155 164
155 165
155 166
155 169
155 170
155 171
155 172
155 173
155 175
155 176
155 181
155 186
155 187
155 190
155 191
155 193
155 194
155 195
155 199
156 157
156 158
156 160
156 161
156 162
156 163
156 164
156 166
156 167
156 168
156 169
156 170
156 171
156 172
156 174
156 176
156 180
156 184
156 185
156 186
156 188
156 189
156 190
156 192
156 195
156 196
156 199
157 158
157 159
157 160
157 161
157 162
157 163
157 164
157 165
157 166
157 167
157 168
157 169
157 170
157 172
157 174
157 175
157 177
157 178
157 179
157 181
157 183
157 186
157 187
157 191
157 192
157 193
157 195
157 196
157 197
157 198
157 199
158 159
158 160
158 161
158 162
158 164
158 166
158 167
158 169
158 170
158 171
158 172
158 173
158 174
158 175
158 176
158 177
158 180
158 181
158 182
158 183
158 184
158 185
158 188
158 189
158 190
158 191
158 192
158 194
158 195
158 196
158 197
158 198
158 199
159 160
159 161
159 163
159 164
159 167
159 169
159 170
159 171
159 172
159 173
159 176
159 178
159 179
159 182
159 183
159 184
159 185
159 186
159 187
159 189
159 191
159 192
159 193
159 195
159 197
159 198
159 199
159 200
160 161
160 162
160 164
160 168
160 169
160 170
160 171
160 172
160 174
160 175
160 176
160 177
160 181
160 182
160 183
160 184
160 185
160 186
160 187
160 188
160 190
160 191
160 192
160 193
160 194
160 195
160 196
160 199
161 163
161 165
161 166
161 167
161 168
161 169
161 171
161 173
161 175
161 176
161 177
161 178
161 180
161 181
161 182
161 183
161 186
161 187
161 189
161 193
161 194
161 195
161 198
162 164
162 165
162 166
162 167
162 168
162 169
162 172
162 173
162 176
162 178
162 180
162 181
162 182
162 183
162 185
162 188
162 192
162 194
162 195
162 196
162 199
163 165
163 166
163 167
163 170
163 171
163 172
163 174
163 175
163 176
163 178
163 180
163 181
163 182
163 183
163 187
163 188
163 189
163 190
163 191
163 192
163 193
163 197
163 198
164 166
164 167
164 168
164 169
164 170
164 172
164 174
164 176
164 178
164 179
164 180
164 181
164 182
164 183
164 186
164 187
164 190
164 191
164 192
164 193
164 194
164 195
164 196
164 197
164 198
164 199
164 200
165 167
165 168
165 170
165 171
165 172
165 173
165 176
165 177
165 179
165 181
165 182
165 183
165 186
165 188
165 189
165 190
165 191
165 192
165 193
165 194
165 195
165 196
165 197
165 198
165 199
166 167
166 168
166 169
166 170
166 172
166 173
166 175
166 176
166 177
166 178
166 181
166 183
166 184
166 185
166 187
166 188
166 189
166 191
166 192
166 193
166 194
166 195
166 196
166 197
166 198
166 199
166 200
167 168
167 170
167 171
167 173
167 175
167 177
167 178
167 180
167 181
167 182
167 183
167 184
167 185
167 186
167 187
167 188
167 189
167 190
167 191
167 192
167 194
167 195
167 196
167 197
167 199
168 169
168 170
168 171
168 174
168 175
168 176
168 177
168 178
168 180
168 181
168 182
168 185
168 186
168 187
168 189
168 190
168 191
168 192
168 193
168 195
168 196
168 198
168 200
169 170
169 171
169 172
169 173
169 174
169 175
169 179
169 181
169 182
169 183
169 185
169 186
169 187
169 188
169 191
169 193
169 195
169 197
169 198
169 199
169 200
170 171
170 172
170 173
170 174
170 175
170 176
170 178
170 179
170 180
170 181
170 182
170 183
170 184
170 185
170 187
170 188
170 189
170 190
170 191
170 192
170 193
170 194
170 195
170 197
170 200
171 172
171 173
171 176
171 178
171 179
171 180
171 181
171 183
171 184
171 186
171 187
171 188
171 191
171 195
171 196
171 197
171 199
172 173
172 174
172 175
172 176
172 177
172 178
172 179
172 180
172 182
172 185
172 188
172 189
172 191
172 192
172 193
172 195
172 196
172 198
172 199
172 200
173 174
173 176
173 177
173 178
173 179
173 180
173 182
173 183
173 184
173 186
173 187
173 188
173 189
173 190
173 191
173 193
173 195
173 196
173 197
173 198
173 199
173 200
174 177
174 178
174 179
174 180
174 181
174 182
174 183
174 184
174 185
174 186
174 188
174 189
174 190
174 192
174 193
174 195
174 196
174 197
174 198
174 199
175 176
175 177
175 178
175 179
175 180
175 181
175 182
175 183
175 184
175 188
175 189
175 190
175 191
175 192
175 193
175 194
175 195
175 196
175 197
175 198
175 199
175 200
176 177
176 178
176 179
176 180
176 181
176 185
176 186
176 187
176 188
176 191
176 192
176 193
176 194
176 196
176 197
176 199
176 200
177 178
177 179
177 180
177 181
177 183
177 184
177 185
177 186
177 190
177 191
177 193
177 194
177 195
177 197
177 198
177 199
177 200
178 179
178 180
178 181
178 182
178 183
178 184
178 186
178 187
178 188
178 189
178 190
178 191
178 194
178 195
178 196
178 197
178 198
178 199
178 200
179 181
179 182
179 183
179 184
179 185
179 186
179 187
179 188
179 189
179 190
179 191
179 192
179 193
179 194
179 195
179 196
179 198
179 199
179 200
180 181
180 182
180 183
180 184
180 185
180 186
180 188
180 189
180 190
180 191
180 192
180 193
180 194
180 196
180 198
181 182
181 183
181 184
181 185
181 186
181 187
181 188
181 190
181 192
181 193
181 194
181 195
181 197
181 198
181 199
181 200
182 184
182 186
182 187
182 189
182 190
182 191
182 192
182 193
182 194
182 195
182 196
182 199
183 184
183 185
183 186
183 187
183 188
183 190
183 191
183 192
183 193
183 194
183 195
183 196
183 197
183 198
183 199
183 200
184 185
184 186
184 187
184 188
184 189
184 190
184 191
184 193
184 194
184 195
184 196
184 197
184 198
184 199
184 200
185 186
185 187
185 188
185 189
185 190
185 193
185 194
185 195
185 196
185 197
185 198
185 199
185 200
186 188
186 189
186 190
186 191
186 192
186 193
186 194
186 195
186 196
186 197
186 199
186 200
187 188
187 189
187 190
187 191
187 192
187 193
187 194
187 196
187 197
187 198
187 199
187 200
188 189
188 190
188 191
188 192
188 193
188 194
188 195
188 196
188 197
188 198
188 199
188 200
189 190
189 191
189 192
189 193
189 194
189 195
189 196
189 197
189 198
189 199
189 200
190 191
190 192
190 193
190 194
190 195
190 196
190 197
190 198
190 199
190 200
191 192
191 193
191 194
191 195
191 196
191 197
191 198
191 199
191 200
192 193
192 194
192 195
192 196
192 197
192 198
192 199
192 200
193 194
193 195
193 196
193 197
193 198
193 199
193 200
194 195
194 196
194 197
194 198
194 199
194 200
195 196
195 197
195 198
195 199
195 200
196 197
196 198
196 199
196 200
197 198
197 199
197 200
198 199
198 200
199 200
